              precision    recall  f1-score   support

           #       1.00      1.00      1.00        22
           $       0.97      1.00      0.98      1138
          ''       1.00      1.00      1.00      1423
           (       1.00      1.00      1.00       249
           )       1.00      1.00      1.00       252
           ,       0.99      1.00      1.00      9056
           .       0.99      1.00      1.00      7035
           :       1.00      1.00      1.00       983
          CC       1.00      1.00      1.00      4289
          CD       0.99      0.93      0.96      6023
          DT       0.96      0.99      0.97     14946
          EX       0.97      0.99      0.98       174
          FW       0.50      0.32      0.39        38
          IN       0.97      0.97      0.97     18147
       IN|RB       0.00      0.00      0.00         0
          JJ       0.89      0.90      0.90     10704
         JJR       0.84      0.88      0.86       581
     JJR|RBR       0.00      0.00      0.00         4
         JJS       0.94      0.91      0.93       374
       JJ|IN       0.00      0.00      0.00         1
       JJ|NN       0.00      0.00      0.00         0
          LS       0.92      0.73      0.81        15
          MD       0.99      1.00      0.99      1674
          NN       0.94      0.96      0.95     23468
         NNP       0.96      0.93      0.94     17236
        NNPS       0.26      0.52      0.35       239
    NNPS|NNS       0.00      0.00      0.00         0
         NNS       0.98      0.95      0.96     10697
      NNS|NN       0.00      0.00      0.00         0
         PDT       0.59      0.86      0.70        66
         POS       0.96      0.99      0.97      1638
         PRP       0.95      0.99      0.97      2930
        PRP$       0.99      1.00      1.00      1433
          RB       0.90      0.88      0.89      5853
         RBR       0.78      0.68      0.73       382
     RBR|JJR       0.00      0.00      0.00         2
         RBS       0.82      0.86      0.84        87
       RB|JJ       0.00      0.00      0.00         2
          RP       0.44      0.73      0.55       356
         SYM       0.91      0.91      0.91        11
          TO       1.00      1.00      1.00      3899
          UH       0.73      0.55      0.63        20
          VB       0.93      0.94      0.93      4766
         VBD       0.95      0.92      0.93      5869
         VBG       0.94      0.86      0.90      2592
      VBG|JJ       0.00      0.00      0.00         0
      VBG|NN       0.00      0.00      0.00         1
         VBN       0.83      0.83      0.83      3580
      VBN|JJ       0.00      0.00      0.00         2
         VBP       0.93      0.89      0.91      2209
         VBZ       0.97      0.96      0.96      3608
       VB|NN       0.00      0.00      0.00         0
         WDT       0.87      0.97      0.92       773
          WP       0.99      1.00      0.99       397
         WP$       1.00      1.00      1.00        47
         WRB       1.00      0.99      1.00       425
          ``       1.00      1.00      1.00      1422

    accuracy                           0.95    171138
   macro avg       0.71      0.72      0.71    171138
weighted avg       0.95      0.95      0.95    171138
